BEGIN GLOBAL                                          
                                                      
  CLEN = 125.0                                        
  UNITS = METRIC                                      
  DIAMS = 0.002  0.01  0.03  0.30  0.2 ! mm           
  DENSITY = 2.60  2.65  1.80  1.60   2.65 ! g/cc      
  TEMP = 40 ! deg C                                   
  NELE = 1                                            
                                                      
END GLOBAL                                            
                                                      
BEGIN PLANE                                           
                                                      
ID = 17159
LEN =  50.000000
WIDTH =   1.000000
CHEZY =   7.090970
RCHEZY =   7.090970
SL =    0.1000 ,   0.1000
SX =   0.000000 ,   1.000000
                                                      
CV =   1.000000
!SAT =   0.250000
PR = 1
                                                      
KSS = 14459.6992673716
KOM =    0.0000077470
KCM =   0.000299
CA =   1.000000
IN =   0.000000
KE =   2.880692
G = 110.000000
DIST =   0.250000
POR =   0.453100
ROCK =   0.000000
SMAX =   0.940000
ADF =   0.000000
ALF =   0.800000
BARE =   0.000000
RSP =   1.000000
SPACING =   1.000000
                                                      
FRACT =     0.0498      0.1128      0.2877      0.4004      0.1494
END PLANE                                             
